     Rebalance trigger 0.0%  Rebalance trigger 2.0%  Rebalance trigger 4.0%  Rebalance trigger 6.0%  Rebalance trigger 8.0%  Rebalance trigger 10.0%  Rebalance trigger 12.0%
Day                                                                                                                                                                          
0                106.804844              106.804844              106.804844              106.804844              106.804844               106.804844               106.804844
1                109.168000              109.168000              109.168000              109.168000              109.168000               109.168000               109.168000
2                109.739909              112.285514              112.285514              112.285514              112.285514               112.285514               112.285514
3                105.948690              108.687363              108.687363              108.687363              108.687363               108.687363               108.687363
4                116.462238              118.346035              118.346035              118.346035              118.346035               118.346035               118.346035
5                111.895607              116.039889              116.039889              115.799015              115.799015               115.799015               115.799015
6                110.306624              114.889607              114.889607              115.356936              115.356936               115.356936               115.356936
7                106.192691              116.013148              116.013148              114.158708              114.158708               114.158708               114.158708
8                 95.651694              106.985585              106.985585              104.217292              104.217292               104.217292               104.217292
9                 95.831623              107.331418              107.331418              104.901351              104.901351               104.901351               104.901351
10                99.509256              111.450367              111.450367              108.911196              108.911196               108.911196               108.911196
11               101.819591              114.037942              114.037942              112.246879              112.246879               112.246879               112.246879
12                99.550108              111.970090              112.087954              110.405871              110.405871               110.405871               110.405871
13                96.485344              112.450564              112.566234              110.903293              110.903293               110.903293               110.903293
14               116.474882              114.039600              114.238088              112.386947              112.386947               112.386947               112.386947
15               126.605139              106.723446              106.643011              104.783973              104.783973               104.783973               104.783973
16               138.000167               97.123265              107.586232              105.833188              105.833188               105.833188               105.833188
17               116.296406               94.147950               99.702077               99.446463               99.446463                99.446463                99.446463
18               112.646663              112.646663              104.387273              104.554412              104.554412               104.554412               104.554412
19               108.360419              108.360419              102.532727              102.699721              102.699721               102.699721               102.699721
20               104.093920              104.093920              102.328867              102.537176              102.537176               102.537176               102.537176
21                97.479168              100.866401              100.515788              101.703514              101.703514               101.703514               101.703514
22                98.125075              105.999331              110.260834              111.728840              111.728840               111.728840               111.728840
23                98.088786              105.955529              115.239794              116.997847              116.997847               116.997847               116.997847
24                94.926849              102.436884              112.024314              113.484478              113.484478               113.484478               113.484478
25                90.449805               97.605644              110.536639              110.165630              110.165630               110.165630               110.165630
26                90.583906               97.750354              111.607676              110.814938              110.814938               110.814938               110.814938
27                94.674873               99.952102              116.627067              114.653197              114.653197               114.653197               114.653197
28                94.400302               98.504663              114.922107              113.160081              113.160081               113.160081               113.160081
29                79.776613               83.245161               97.119354               95.436003               95.436003                95.436003                95.436003
30                76.340599               79.872371               93.184432               91.554384               91.554384                91.077069                91.077069
31                76.248153               82.352952               96.078443               94.397771               94.397771                91.551140                91.551140
32                75.968161               77.358482               90.251563               88.672818               88.672818                86.394967                86.394967
33                76.061322               77.450599               92.362556               90.746885               90.746885                89.462588                89.462588
34                76.479366               77.938112              100.912946               99.147705               99.147705                92.442648                92.442648
35                76.246491               77.691360               93.015543               91.388449               91.388449                90.513830                90.513830
36                76.106305               77.548888              104.575579              102.746269              102.746269               103.242658               103.242658
37                76.283926               77.730070              104.825115              103.360633              103.360633               110.428888               110.428888
38                73.026835               77.564180              104.601409              100.831492              100.831492               104.481248               104.481248
39                67.572030               77.689156              104.769952               93.355807               93.355807                96.527554                96.527554
40                67.524486               78.186247              104.487161               95.736955               95.736955                96.870423                96.870423
41                67.727164               74.941756              104.795297               92.462774               92.462774                93.655855                93.655855
42                66.912198               64.084809              103.570210               79.285923               79.285923                80.725903                80.725903
43                67.117900               64.281091              103.886923               79.540136               71.477980                73.802983                73.802983
44                67.560428               64.714517              104.577362               80.060054               81.993839                83.437007                83.437007
45                67.546400               64.701496              104.550168               80.037928               85.467642                84.627496                84.627496
46                67.763986               64.894803              104.862512               80.277036               78.165259                76.950310                76.950310
47                67.724483               64.853272              104.799273               80.211268               83.128100                76.216100                76.216100
48                67.907689               64.987226              105.015734               80.393964               82.741315                86.467632                86.467632
49                66.984353               64.106082              103.614172               79.292229               77.799490                80.952028                80.952028
50                67.085627               64.204290              103.743735               79.399258               74.502460                79.889049                79.889049
51                67.891683               65.056762              105.027766               80.404473               77.246540                80.719957                80.719957
52                67.656909               64.723346              104.654776               80.079100               80.644090                83.157126                83.157126
53                67.816760               64.874515              104.770897               80.198825               88.666152                90.966791                90.966791
54                67.408117               64.485999              104.138986               79.594937               90.903216                93.606623                93.606623
55                67.803839               64.821847              104.681360               80.054782               93.042370                93.027247                93.027247
56                67.785279               64.810559              104.663131               80.046871               89.659797                90.255300                90.255300
57                67.874159               64.854190              104.733610               80.192173               91.904756                91.953745                91.953745
58                68.111909               65.039233              105.032456               80.516343               90.633976                91.921986                91.921986
59                67.441558               64.628722              104.369476               79.795351               90.620102                91.548251                91.548251
60                67.659251               64.750513              104.566167               79.993316               88.519200                89.975409                89.975409
61                67.830275               64.910590              104.824687               80.247016               92.490863                91.034063                91.034063
62                67.621668               64.732266              104.536701               79.982757               86.338035                86.564212                86.564212
63                68.153739               65.237918              105.287229               80.605556               84.969027                86.651124                86.651124
64                67.875809               64.988532              104.826287               80.289837               83.099718                84.158997                84.158997
65                67.768750               64.889319              104.841862               80.190057               86.024275                88.515375                88.515375
66                67.851281               64.968050              104.775530               80.232687               89.907917                92.305208                92.305208
67                67.835049               64.954637              104.828124               80.170935               91.275897                91.546018                91.546018
68                67.829110               64.916047              104.732144               80.144667               92.281633                94.140202                94.140202
69                67.906082               64.982991              104.859271               80.215193               89.332064                91.974826                91.974826
70                67.586486               64.682492              104.392638               79.832679               86.567933                89.463780                89.463780
71                67.650123               64.737848              104.438502               79.928560               87.441242                92.003739                92.003739
72                67.792385               64.871973              104.618387               80.117289               92.781617                95.703383                95.703383
73                67.922848               64.999364              104.769622               80.271704               95.731897                93.926806                93.926806
74                67.834085               64.968412              104.906562               80.230666               96.969630                92.587225                92.587225
75                68.795648               65.689759              105.702788               81.127023              105.812288                96.624500                96.624500
76                68.533894               65.443544              105.359629               80.784124              100.364683                92.409416                92.409416
77                67.292721               64.299207              104.684434               79.999869              109.683097                94.553884                94.553884
78                67.416105               64.421830              104.488650               79.979107              109.362205                96.679121                96.679121
79                60.240070               64.669935              104.618406               80.168617               97.600498                92.215324                92.215324
80                62.860169               67.393354              109.098658               80.140719              101.845562                95.257501                95.257501
81                62.666145               69.080168              111.829331               79.951514              104.394694                94.279418                94.279418
82                62.842264               66.173745              107.124313               80.201336              100.002475                91.930662                91.930662
83                62.745004               66.932484              108.352587               79.892940              101.149091                91.677336                91.677336
84                62.799994               70.596878              114.284633               79.956803              106.686762                94.227718                94.227718
85                63.263172               72.037057              116.616043               80.592860              108.863176                95.331160                95.331160
86                62.591024               71.213257              115.282448               80.084857              107.618241                96.377486                96.377486
87                60.860658               69.244524              112.095395               80.370696              104.643070                95.854895                95.854895
88                64.655684               73.562335              119.085214               80.199162              111.168192                94.924057                94.924057
89                64.801154               71.532903              115.799901               80.321824              108.101293                92.618857                92.618857